
2290147282344
2290147285894
2290147281453
2290147280891
2290147285859
2290147280022
2290147280403
2290147282887
2290147282472
2290147283253
2290147285583
2290147288452
2290147288935
2290147282933
2290147280210
2290147287925
2290147286504
2290147284619
2290147284650
2290147287756
2290147286381
2290147283102
2290147280668
2290147282526
2290147283099
2290147289404
2290147282264
2290147283540
2290147280748
2290147283439
2290147280846
2290147288517
2290147286509
2290147282081
2290147286507
2290147288972
2290147284608
2290147288073
2290147288326
2290147280058
2290147280374
2290147280173
2290147286676
2290147280527
2290147283608
2290147288429
2290147284376
2290147285035
2290147280252
2290147288424
2290147280679
2290147286050
2290147282896
2290147281720
2290147289311
2290147289690
2290147285734
2290147281191
2290147281212
2290147285840
2290147286941
2290147280914
2290147283661
2290147280139
2290147280350
2290147281143
2290147286929
2290147283237
2290147285625
2290147287884
2290147287359
2290147289254
2290147283081
2290147286525
2290147283950
2290147282648
2290147289957
2290147283242
2290147288938